5846	1916100
5846	1916101
5847	1916112
5847	1916113
5847	1916114
5847	1916115
5848	1916122
5848	1916123
5848	1916124
5848	1916125
5848	1916126
5848	1916127
5848	1916128
5848	1916129
5848	1916130
5994	1924465
5994	1924482
5994	1924483
5994	1924488
5994	1924498
5994	1924499
5994	1924500
5994	1924502
5994	1924503
5994	1924507
5994	1924508
5995	1924516
5995	1924521
5995	1924529
5995	1924533
6052	1930807
6052	1930808
6052	1930809
6052	1930810
6052	1930811
6052	1930812
6052	1930813
6052	1930814
6052	1930815
6052	1930819
6052	1930822
6052	1930823
6052	1930824
6052	1930826
6052	1930827
6052	1930828
6052	1930829
6052	1930830
6052	1930831
6052	1930834
6052	1930835
6052	1930836
6052	1930837
6052	1930838
6052	1930839
6053	1930980
6053	1930984
6053	1930985
6053	1930986
6053	1930987
6054	1931815
6054	1931816
6054	1931817
6054	1931818
6054	1931819
6054	1931820
6054	1931821
6054	1931822
6054	1931832
6054	1931833
6054	1931834
6054	1931835
6054	1931836
6054	1931837
6054	1931838
6054	1931839
6054	1931840
6054	1931841
6056	1931945
6056	1931946
6056	1931947
6056	1931948
6056	1931949
6056	1931950
6056	1931951
6056	1931952
6056	1931953
6056	1931954
6056	1931955
6056	1931956
6056	1931957
6056	1931958
6056	1931959
6056	1931960
6056	1931961
6056	1931962
6056	1931963
6056	1931964
6056	1931965
6056	1931966
6056	1931967
6056	1931968
6056	1931969
6056	1931970
6056	1931971
6056	1931972
6056	1931973
6056	1931974
6056	1931976
6056	1931977
6056	1931978
6056	1931979
6056	1931980
6056	1931981
6056	1931982
6056	1931983
6056	1931984
6056	1931985
6056	1931986
6056	1931987
6056	1931988
6056	1931990
6056	1931991
6056	1931992
6056	1931993
6056	1931994
6056	1931995
6056	1931996
6056	1931997
6056	1931998
6056	1931999
6056	1932000
6056	1932001
6056	1932002
6057	1932005
6057	1932006
6057	1932007
6057	1932008
6057	1932009
6057	1932010
6057	1932011
6057	1932012
6057	1932013
6057	1932014
6057	1932015
6057	1932016
6057	1932017
6057	1932018
6057	1932019
6057	1932020
6057	1932021
6058	1932132
6058	1932133
6058	1932134
6058	1932135
6058	1932136
6058	1932137
6058	1932138
6058	1932139
6058	1932140
6058	1932141
6058	1932142
6058	1932143
6058	1932144
6058	1932145
6058	1932146
6069	1932969
6069	1932970
6069	1932971
6069	1932972
6069	1932973
6069	1932974
6069	1932975
6069	1932976
6069	1932977
6069	1932978
6069	1932979
6069	1932980
6069	1932981
6069	1932982
6069	1932983
6069	1932984
6069	1932985
6069	1932986
6069	1932987
6069	1932988
6069	1932989
6069	1932990
6069	1932991
6069	1932992
6069	1932993
6069	1932994
6069	1932995
6069	1932996
6069	1932997
6069	1932998
6069	1932999
6069	1933000
6069	1933001
6069	1933002
6069	1933003
6069	1933004
6069	1933005
6069	1933006
6069	1933007
6069	1933008
6069	1933009
6069	1933010
6069	1933011
6069	1933013
6069	1933014
6069	1933015
6069	1933016
6069	1933017
6069	1933018
6069	1933019
6069	1933020
6069	1933021
6069	1933022
6069	1933023
6069	1933025
6069	1933026
6069	1933027
6069	1933028
6070	1933031
6070	1933032
6070	1933033
6070	1933034
6070	1933035
6070	1933036
6070	1933037
6070	1933038
6070	1933039
6070	1933040
6070	1933041
6070	1933042
6070	1933043
6070	1933044
6070	1933045
6070	1933046
6070	1933047
6070	1933048
6070	1933049
6070	1933050
6070	1933051
6070	1933052
6070	1933053
6070	1933054
6070	1933055
6070	1933056
6070	1933057
6070	1933058
6070	1933059
6070	1933060
6070	1933061
6070	1933062
6070	1933063
6070	1933064
6070	1933065
6070	1933066
6070	1933067
6070	1933068
6070	1933069
6070	1933070
6070	1933071
6070	1933072
6070	1933073
6070	1933074
6070	1933075
6070	1933076
6070	1933077
6070	1933078
6070	1933079
6070	1933080
6070	1933081
6070	1933082
6070	1933083
6070	1933084
6070	1933085
6070	1933086
6070	1933087
6070	1933088
6070	1933089
6070	1933090
6071	1933094
6071	1933095
6071	1933096
6071	1933097
6071	1933098
6071	1933099
6071	1933100
6071	1933101
6071	1933102
6071	1933103
6071	1933104
6071	1933105
6071	1933106
6071	1933107
6071	1933108
6071	1933109
6071	1933110
6071	1933111
6071	1933112
6071	1933113
6071	1933114
6071	1933115
6071	1933116
6071	1933117
6071	1933118
6071	1933119
6071	1933120
6071	1933121
6071	1933122
6071	1933123
6071	1933124
6071	1933125
6071	1933126
6071	1933127
6071	1933128
6071	1933129
6071	1933130
6094	1934393
6094	1934394
6094	1934395
6094	1934396
6094	1934397
6094	1934398
6094	1934399
6094	1934400
6094	1934401
6094	1934402
6094	1934403
6094	1934404
6094	1934405
6094	1934406
6094	1934407
6094	1934408
6094	1934409
6094	1934410
6094	1934411
6094	1934412
6094	1934413
6094	1934414
6094	1934415
6094	1934416
6094	1934417
6094	1934418
6094	1934419
6094	1934420
6094	1934421
6094	1934422
6094	1934423
6094	1934424
6094	1934425
6094	1934426
6094	1934427
6094	1934428
6094	1934429
6097	1934525
6097	1934526
6097	1934527
6097	1934528
6097	1934529
6097	1934530
6097	1934531
6097	1934532
6097	1934533
6097	1934534
6097	1934535
6097	1934536
6097	1934537
6097	1934538
6097	1934539
6097	1934540
6097	1934541
6097	1934542
6097	1934543
6097	1934544
6097	1934545
6097	1934546
6097	1934547
6097	1934548
6097	1934549
6097	1934550
6097	1934551
6097	1934552
6097	1934553
6097	1934554
6097	1934555
6097	1934556
6097	1934557
6097	1934558
6097	1934559
6097	1934560
6097	1934561
6097	1934562
6097	1934563
6099	1934772
6099	1934773
6099	1934774
6099	1934775
6099	1934776
6099	1934777
6099	1934778
6099	1934779
6099	1934780
6099	1934781
6099	1934782
6099	1934783
6099	1934784
6099	1934785
6099	1934786
6099	1934787
6099	1934788
6099	1934789
6099	1934790
6099	1934791
6099	1934792
6099	1934793
6099	1934794
6099	1934795
6099	1934796
6099	1934797
6099	1934798
6099	1934799
6099	1934800
6099	1934801
6099	1934802
6099	1934803
6099	1934804
6099	1934805
6099	1934806
6099	1934807
6099	1934808
6099	1934809
6099	1934810
6099	1934811
6099	1934812
6099	1934813
6099	1934814
6099	1934815
6099	1934816
6111	1936172
6111	1936173
6111	1936174
6111	1936175
6111	1936176
6111	1936177
6111	1936178
6111	1936179
6111	1936180
6111	1936181
6111	1936182
6111	1936183
6111	1936184
6111	1936185
6111	1936186
6111	1936187
6111	1936188
6111	1936189
6111	1936190
6111	1936191
6111	1936192
6111	1936193
6111	1936194
6111	1936195
6111	1936196
6111	1936197
6111	1936198
6111	1936199
6111	1936200
6111	1936201
6111	1936202
6111	1936203
6111	1936204
6111	1936205
6111	1936206
6111	1936207
6111	1936208
6111	1936209
6111	1936210
6111	1936211
6111	1936212
6111	1936213
6111	1936214
6111	1936215
6111	1936216
6111	1936217
6111	1936218
6111	1936219
6111	1936220
6111	1936221
6111	1936222
6111	1936223
6111	1936224
6111	1936225
6111	1936226
6111	1936227
6111	1936228
6111	1936229
6111	1936230
6111	1936231
6112	1936234
6112	1936235
6112	1936236
6112	1936237
6112	1936238
6112	1936239
6112	1936240
6112	1936241
6112	1936242
6112	1936243
6112	1936244
6112	1936245
6112	1936246
6112	1936247
6112	1936248
6112	1936249
6112	1936250
6112	1936251
6112	1936252
6112	1936253
6112	1936254
6112	1936255
6112	1936256
6112	1936257
6112	1936258
6112	1936259
6112	1936260
6112	1936261
6112	1936262
6112	1936263
6112	1936264
6112	1936265
6112	1936266
6112	1936267
6112	1936268
6112	1936269
6112	1936270
6112	1936271
6112	1936272
6112	1936273
6112	1936274
6112	1936275
6112	1936276
6112	1936277
6112	1936278
6112	1936279
6112	1936280
6112	1936281
6112	1936282
6112	1936283
6112	1936284
6112	1936285
6112	1936286
6112	1936287
6112	1936288
6112	1936289
6112	1936290
6112	1936291
6112	1936292
6112	1936293
6113	1936296
6113	1936297
6113	1936298
6113	1936299
6113	1936300
6113	1936301
6113	1936302
6113	1936303
6113	1936304
6113	1936305
6113	1936306
6113	1936307
6113	1936308
6113	1936309
6113	1936311
6113	1936312
6113	1936313
6113	1936314
6113	1936315
6113	1936316
6113	1936317
6113	1936318
6113	1936319
6113	1936320
6113	1936321
6113	1936322
6113	1936323
6113	1936324
6113	1936325
6113	1936326
6113	1936327
6113	1936328
6113	1936329
6113	1936330
6113	1936331
6113	1936332
6113	1936333
6113	1936334
6113	1936335
6113	1936336
6113	1936337
6113	1936338
6113	1936339
6113	1936340
6113	1936341
6113	1936342
6113	1936343
6113	1936344
6113	1936345
6113	1936346
6113	1936347
6113	1936348
6113	1936349
6113	1936350
6113	1936351
6113	1936352
6113	1936353
6113	1936354
6113	1936355
6114	1936358
6114	1936359
6114	1936360
6114	1936361
6114	1936362
6114	1936363
6114	1936364
6114	1936365
6114	1936366
6114	1936367
6114	1936368
6114	1936369
6114	1936370
6114	1936371
6114	1936372
6114	1936373
6114	1936374
6114	1936375
6114	1936376
6114	1936377
6114	1936378
6114	1936379
6114	1936380
6114	1936381
6114	1936382
6114	1936383
6114	1936384
6114	1936385
6114	1936386
6114	1936387
6114	1936388
6114	1936389
6114	1936390
6114	1936391
6114	1936392
6114	1936393
6114	1936394
6114	1936395
6114	1936396
6114	1936397
6114	1936398
6114	1936399
6114	1936400
6114	1936401
6114	1936402
6114	1936403
6114	1936404
6114	1936405
6114	1936406
6114	1936407
6114	1936408
6114	1936409
6114	1936410
6114	1936411
6114	1936412
6114	1936413
6114	1936414
6114	1936415
6114	1936416
6114	1936417
6115	1936420
6115	1936421
6115	1936422
6115	1936423
6115	1936424
6115	1936425
6115	1936426
6115	1936427
6115	1936428
6115	1936429
6115	1936430
6115	1936431
6115	1936432
6115	1936433
6115	1936434
6115	1936435
6115	1936436
6115	1936437
6115	1936438
6115	1936439
6115	1936440
6115	1936441
6115	1936442
6115	1936443
6115	1936444
6115	1936445
6115	1936446
6115	1936447
6115	1936448
6115	1936449
6115	1936450
6115	1936451
6115	1936452
6115	1936453
6115	1936454
6115	1936455
6115	1936456
6115	1936457
6115	1936458
6115	1936459
6115	1936460
6115	1936461
6115	1936462
6115	1936463
6115	1936464
6115	1936465
6115	1936466
6115	1936467
6115	1936468
6115	1936469
6115	1936470
6115	1936471
6115	1936472
6115	1936473
6115	1936474
6115	1936475
6115	1936476
6115	1936477
6115	1936478
6115	1936479
6116	1936482
6116	1936483
6116	1936484
6116	1936485
6116	1936486
6116	1936487
6116	1936488
6116	1936489
6116	1936490
6116	1936491
6116	1936492
6116	1936493
6116	1936494
6116	1936495
6116	1936496
6116	1936497
6116	1936498
6116	1936499
6116	1936500
6116	1936501
6116	1936502
6116	1936503
6116	1936504
6116	1936505
6116	1936506
6116	1936507
6116	1936508
6116	1936509
6116	1936510
6116	1936511
6116	1936512
6116	1936513
6116	1936514
6116	1936515
6116	1936516
6116	1936517
6116	1936518
6116	1936519
6116	1936520
6116	1936521
6116	1936522
6116	1936523
6116	1936524
6116	1936525
6116	1936526
6116	1936527
6116	1936528
6116	1936529
6116	1936530
6116	1936531
6116	1936532
6116	1936533
6116	1936534
6116	1936539
6117	1936547
6117	1936550
6117	1936551
6117	1936552
6117	1936553
6117	1936554
6117	1936555
6117	1936556
6117	1936557
6117	1936558
6117	1936559
6117	1936560
6117	1936561
6117	1936562
6117	1936563
6117	1936565
6117	1936567
6117	1936568
6117	1936569
6117	1936570
6117	1936571
6117	1936572
6117	1936578
6117	1936579
6117	1936580
6117	1936581
6117	1936582
6117	1936583
6117	1936584
6117	1936585
6117	1936586
6117	1936587
6117	1936588
6117	1936589
6117	1936590
6118	1936602
6118	1936603
6118	1936604
6118	1936605
6118	1936606
6118	1936607
6118	1936608
6118	1936609
6118	1936610
6118	1936611
6118	1936612
6118	1936613
6118	1936614
6118	1936615
6118	1936616
6118	1936617
6118	1936618
6118	1936619
6118	1936620
6118	1936621
6118	1936622
6118	1936623
6118	1936624
6135	1938446
6135	1938447
6135	1938448
6135	1938449
6135	1938450
6135	1938451
6135	1938452
6135	1938453
6135	1938454
6135	1938455
6135	1938456
6135	1938457
6135	1938458
6135	1938459
6135	1938460
6135	1938461
6135	1938462
6135	1938463
6135	1938464
6135	1938465
6135	1938466
6135	1938467
6135	1938468
6135	1938469
6135	1938470
6135	1938471
6135	1938472
6135	1938473
6135	1938474
6135	1938475
6135	1938476
6135	1938477
6135	1938478
6135	1938479
6135	1938480
6135	1938481
6135	1938482
6135	1938483
6135	1938484
6135	1938485
6135	1938486
6135	1938487
6135	1938488
6135	1938489
6135	1938490
6135	1938491
6135	1938492
6135	1938493
6135	1938494
6135	1938495
6135	1938496
6135	1938497
6135	1938498
6135	1938499
6135	1938500
6135	1938501
6135	1938502
6135	1938503
6135	1938504
6135	1938505
6136	1938508
6136	1938509
6136	1938510
6136	1938511
6136	1938512
6136	1938513
6136	1938514
6136	1938515
6136	1938516
6136	1938517
6136	1938518
6136	1938519
6137	1938632
6137	1938633
6137	1938634
6137	1938635
6137	1938636
6137	1938637
6137	1938638
6137	1938639
6137	1938640
6137	1938641
6137	1938642
6137	1938643
6137	1938644
6137	1938645
6137	1938646
6137	1938647
6137	1938648
6137	1938649
6137	1938650
6137	1938651
6137	1938652
6137	1938653
6137	1938654
6137	1938655
6137	1938656
6137	1938657
6137	1938658
6137	1938659
6137	1938660
6137	1938661
6137	1938662
6137	1938663
6137	1938664
6137	1938665
6137	1938666
6137	1938667
6137	1938668
6137	1938669
6137	1938670
6137	1938671
6137	1938672
6137	1938673
6137	1938674
6137	1938675
6137	1938676
6137	1938677
6137	1938678
6137	1938679
6137	1938680
6137	1938681
6137	1938682
6137	1938683
6138	1938790
6138	1938791
6138	1938792
6138	1938793
6138	1938794
6138	1938795
6138	1938796
6138	1938797
6138	1938798
6138	1938799
6138	1938800
6138	1938801
6138	1938802
6138	1938803
6138	1938804
6138	1938805
6138	1938806
6138	1938807
6138	1938809
6138	1938810
6138	1938811
6138	1938812
6138	1938813
6138	1938814
6138	1938815
6138	1938816
6138	1938817
6138	1938818
6138	1938819
6138	1938820
6138	1938821
6138	1938822
6138	1938823
6138	1938824
6138	1938825
6138	1938826
6138	1938827
6138	1938828
6138	1938829
6138	1938830
6138	1938831
6138	1938832
6138	1938833
6138	1938838
6138	1938839
6138	1938840
6138	1938841
6138	1938842
6138	1938843
6138	1938844
6138	1938845
6138	1938846
6138	1938847
6138	1938848
6138	1938849
6139	1938852
6139	1938853
6139	1938854
6139	1938855
6139	1938856
6139	1938857
6139	1938858
6139	1938859
6139	1938860
6140	1939987
6140	1939989
6140	1939992
6140	1939993
6140	1940002
6140	1940003
6140	1940004
6140	1940005
6140	1940006
6140	1940007
6140	1940008
6140	1940009
6140	1940010
6140	1940011
6140	1940012
6140	1940013
6140	1940014
6140	1940015
6140	1940016
6140	1940017
6140	1940018
6140	1940019
6140	1940020
6140	1940021
6140	1940022
6140	1940023
6140	1940024
6140	1940025
6140	1940026
6140	1940027
6140	1940028
6140	1940029
6140	1940030
6140	1940031
6140	1940032
6140	1940033
6140	1940034
6140	1940035
6140	1940036
6140	1940037
6140	1940038
6140	1940039
6140	1940040
6142	1940081
6142	1940082
6142	1940083
6142	1940084
6142	1940085
6142	1940086
6142	1940087
6142	1940088
6142	1940089
6142	1940090
6142	1940091
6142	1940092
6142	1940093
6142	1940094
6142	1940095
6142	1940096
6142	1940097
6142	1940098
6142	1940099
6142	1940100
6142	1940101
6142	1940102
6142	1940103
6142	1940104
6142	1940105
6142	1940106
6142	1940107
6142	1940108
6142	1940109
6142	1940110
6142	1940111
6142	1940112
6142	1940113
6142	1940114
6142	1940115
6142	1940116
6142	1940117
6142	1940118
6142	1940119
6142	1940120
6142	1940121
6142	1940122
6142	1940123
6142	1940124
6142	1940125
6142	1940126
6142	1940127
6142	1940128
6142	1940129
6142	1940130
6142	1940131
6142	1940132
6142	1940133
6142	1940134
6142	1940135
6142	1940136
6142	1940137
6142	1940138
6142	1940139
6142	1940140
6142	1940141
6142	1940142
6142	1940143
6143	1940146
6143	1940147
6143	1940148
6143	1940149
6143	1940150
6143	1940151
6143	1940152
6143	1940153
6143	1940154
6143	1940156
6143	1940157
6143	1940158
6143	1940159
6143	1940160
6143	1940161
6143	1940162
6143	1940163
6143	1940165
6143	1940166
6143	1940167
6143	1940168
6143	1940169
6143	1940170
6143	1940171
6143	1940172
6143	1940173
6143	1940174
6143	1940175
6143	1940176
6143	1940177
6143	1940178
6143	1940179
6143	1940180
6143	1940181
6143	1940182
6143	1940183
6143	1940184
6143	1940185
6143	1940186
6143	1940187
6143	1940188
6143	1940189
6143	1940190
6143	1940191
6143	1940192
6143	1940193
6143	1940194
6143	1940195
6143	1940196
6143	1940197
6143	1940198
6143	1940199
6143	1940200
6143	1940201
6143	1940202
6143	1940203
6143	1940204
6143	1940205
6144	1940208
6144	1940209
6144	1940210
6144	1940211
6144	1940212
6144	1940213
6144	1940214
6144	1940215
6144	1940216
6144	1940217
6144	1940218
6144	1940219
6144	1940220
6144	1940221
6144	1940222
6144	1940223
6144	1940224
6144	1940225
6144	1940226
6144	1940227
6144	1940228
6144	1940229
6144	1940230
6144	1940231
6144	1940232
6144	1940233
6144	1940234
6144	1940235
6144	1940236
6144	1940237
6144	1940238
6144	1940239
6144	1940240
6144	1940241
6144	1940242
6144	1940243
6144	1940244
6144	1940245
6144	1940246
6144	1940247
6144	1940248
6144	1940249
6144	1940250
6144	1940251
6144	1940252
6144	1940253
6144	1940254
6144	1940255
6144	1940256
6144	1940257
6144	1940258
6144	1940259
6144	1940260
6144	1940261
6144	1940262
6144	1940263
6144	1940264
6144	1940265
6144	1940266
6144	1940267
6145	1940270
6145	1940271
6145	1940272
6145	1940273
6145	1940274
6145	1940275
6145	1940276
6145	1940277
6145	1940278
6145	1940279
6145	1940280
6145	1940281
6145	1940282
6145	1940283
6145	1940284
6145	1940285
6145	1940286
6145	1940287
6145	1940288
6145	1940289
6145	1940290
6145	1940291
6145	1940292
6145	1940293
6145	1940294
6145	1940295
6145	1940296
6145	1940297
6145	1940298
6145	1940299
6145	1940300
6145	1940301
6145	1940302
6145	1940303
6145	1940304
6145	1940305
6145	1940306
6145	1940307
6145	1940308
6145	1940309
6145	1940310
6145	1940311
6145	1940312
6145	1940313
6145	1940314
6145	1940315
6145	1940316
6145	1940317
6145	1940318
6145	1940319
6145	1940320
6145	1940321
6145	1940322
6145	1940323
6145	1940324
6145	1940325
6145	1940326
6145	1940327
6145	1940328
6145	1940329
6146	1940332
6146	1940333
6146	1940334
6146	1940335
6146	1940336
6146	1940337
6146	1940338
6146	1940339
6146	1940340
6146	1940341
6146	1940342
6146	1940343
6146	1940344
6146	1940345
6146	1940346
6146	1940347
6146	1940348
6146	1940349
6146	1940350
6146	1940351
6146	1940352
6146	1940353
6146	1940354
6146	1940355
6146	1940356
6146	1940357
6146	1940358
6146	1940359
6146	1940360
6146	1940361
6146	1940362
6146	1940363
6146	1940364
6146	1940365
6146	1940366
6146	1940367
6146	1940368
6146	1940369
6146	1940370
6146	1940371
6146	1940372
6146	1940373
6146	1940374
6146	1940375
6146	1940376
6146	1940377
6149	1941565
6149	1941566
6149	1941567
6149	1941568
6149	1941569
6149	1941570
6149	1941571
6149	1941572
6149	1941573
6149	1941574
6149	1941575
6149	1941576
6149	1941577
6149	1941578
6149	1941579
6149	1941580
6149	1941581
6149	1941582
6149	1941583
6149	1941584
6149	1941585
6149	1941586
6149	1941587
6149	1941588
6149	1941589
6149	1941590
6149	1941591
6149	1941592
6149	1941593
6149	1941594
6149	1941595
6149	1941596
6149	1941597
6149	1941598
6149	1941599
6149	1941600
6149	1941601
6149	1941602
6149	1941603
6149	1941604
6149	1941605
6149	1941606
6149	1941607
6149	1941608
6149	1941609
6149	1941610
6149	1941611
6149	1941612
6149	1941613
6149	1941614
6149	1941615
6149	1941616
6149	1941617
6149	1941618
6149	1941619
6150	1941623
6150	1941624
6150	1941625
6150	1941626
6150	1941627
6150	1941628
6150	1941629
6150	1941630
6150	1941631
6150	1941632
6150	1941633
6150	1941634
6150	1941635
6150	1941636
6150	1941637
6150	1941638
6150	1941639
6150	1941640
6150	1941641
6150	1941642
6150	1941643
6150	1941644
6150	1941645
6150	1941646
6150	1941647
6150	1941648
6150	1941649
6150	1941650
6150	1941652
6150	1941653
6150	1941654
6150	1941655
6150	1941656
6150	1941657
6150	1941658
6150	1941659
6150	1941660
6150	1941661
6150	1941662
6150	1941663
6150	1941664
6150	1941665
6150	1941666
6150	1941667
6150	1941668
6150	1941669
6150	1941670
6150	1941671
6150	1941672
6150	1941673
6150	1941674
6150	1941675
6150	1941676
6150	1941677
6150	1941678
6150	1941679
6150	1941680
6150	1941681
6150	1941682
6151	1941685
6151	1941686
6151	1941687
6151	1941688
6151	1941689
6151	1941690
6151	1941691
6151	1941692
6151	1941693
6151	1941694
6151	1941695
6151	1941696
6151	1941697
6151	1941698
6151	1941699
6151	1941700
6151	1941702
6151	1941703
6151	1941704
6151	1941705
6151	1941706
6151	1941707
6151	1941708
6151	1941709
6151	1941710
6151	1941711
6151	1941712
6151	1941713
6151	1941714
6151	1941716
6151	1941717
6151	1941718
6151	1941719
6151	1941720
6151	1941721
6151	1941722
6151	1941723
6151	1941724
6151	1941725
6151	1941726
6151	1941727
6151	1941728
6151	1941729
6151	1941730
6151	1941731
6151	1941732
6151	1941733
6151	1941734
6151	1941735
6151	1941736
6151	1941737
6151	1941738
6151	1941739
6151	1941740
6151	1941741
6151	1941742
6151	1941743
6151	1941744
6152	1941747
6152	1941748
6152	1941749
6152	1941750
6152	1941751
6152	1941752
6152	1941753
6152	1941754
6152	1941755
6152	1941756
6152	1941757
6152	1941758
6152	1941759
6152	1941760
6152	1941761
6152	1941762
6152	1941763
6152	1941764
6152	1941765
6152	1941766
6152	1941767
6152	1941768
6152	1941769
6152	1941770
6152	1941771
6152	1941772
6152	1941773
6152	1941774
6152	1941775
6152	1941776
6152	1941777
6152	1941778
6152	1941779
6152	1941780
6152	1941781
6152	1941782
6152	1941783
6152	1941784
6152	1941785
6152	1941786
6152	1941787
6152	1941788
6152	1941789
6152	1941790
6152	1941791
6152	1941792
6152	1941794
6152	1941795
6152	1941796
6152	1941797
6152	1941798
6152	1941799
6152	1941800
6152	1941801
6152	1941802
6152	1941803
6152	1941804
6152	1941805
6152	1941806
6153	1941809
6153	1941810
6153	1941811
6153	1941812
6153	1941813
6153	1941814
6153	1941815
6153	1941816
6153	1941817
6153	1941818
6153	1941819
6153	1941820
6153	1941821
6153	1941822
6153	1941823
6153	1941824
6153	1941825
6153	1941826
6153	1941827
6153	1941828
6153	1941829
6153	1941830
6153	1941831
6153	1941832
6153	1941833
6153	1941834
6153	1941835
6153	1941836
6153	1941837
6153	1941838
6153	1941839
6153	1941840
6153	1941841
6153	1941842
6153	1941843
6153	1941844
6153	1941845
6153	1941846
6153	1941847
6153	1941848
6153	1941849
6153	1941850
6153	1941851
6153	1941852
6153	1941853
6153	1941854
6153	1941855
6153	1941856
6153	1941857
6153	1941858
6153	1941859
6153	1941860
6153	1941861
6153	1941862
6154	1941872
6154	1941873
6154	1941874
6154	1941875
6154	1941876
6154	1941877
6154	1941878
6155	1941905
6155	1941907
6155	1941908
6155	1941909
6155	1941910
6155	1941911
6155	1941912
6155	1941913
6155	1941914
6155	1941915
6155	1941916
6155	1941917
6155	1941918
6155	1941919
6155	1941920
6155	1941921
6155	1941922
6155	1941923
6155	1941924
6155	1941925
6155	1941926
6155	1941927
6155	1941928
6155	1941929
6155	1941930
6155	1941931
6155	1941932
6155	1941933
6155	1941934
6155	1941935
6155	1941936
6155	1941937
6155	1941938
6155	1941939
6155	1941940
6155	1941941
6155	1941942
6155	1941943
6155	1941944
